1       93
2       85
3       86
4       84
5       89
6       84
7       94
8       91
9       97
10      89
11      88
12      91
13      88
14      86
15      88
16      84
17      88
18      91
19      93
20      89
21      92
22      87
23      82
24      91
25      86
26      91
27      95
28      88
29      84
30      85
31      92
32      88
33      90
34      83
35      87
36      88
37      88
38      86
39      86
40      86
41      87
42      92
43      87
44      91
45      87
46      89
47      85
48      93
49      102
50      92
51      86
52      86
53      87
54      98
55      87
56      86
57      86
58      92
59      91
60      91
61      92
62      89
63      86
64      88
65      86
66      88
67      83
68      94
69      91
70      88
71      89
72      91
73      99
74      87
75      85
76      91
77      93
78      85
79      89
80      89
81      90
82      87
83      91
84      83
85      86
86      89
87      89
88      95
89      88
90      95
91      89
92      89
93      93
94      93
95      82
96      87
97      91
98      86
99      86
100     86
101     87
102     90
103     92
104     90
105     89
106     86
107     94
108     92
109     88
110     92
111     87
112     91
113     86
114     86
115     88
116     90
117     94
118     87
119     90
120     83
121     85
122     93
123     88
124     91
125     85
126     88
127     90
128     95
129     90
130     92
131     88
132     90
133     90
134     91
135     92
136     92
137     93
138     93
139     88
140     89
141     87
142     91
143     92
144     88
145     86
146     90
147     80
148     86
149     93
150     84
151     93
152     87
153     85
154     93
155     92
156     92
157     90
158     86
159     90
160     89
161     90
162     89
163     87
164     89
165     90
166     83
167     93
168     92
169     88
170     88
171     90
172     89
173     89
174     86
175     89
176     86
177     92
178     85
179     86
180     91
181     90
182     88
183     87
184     87
185     90
186     90
187     88
188     88
189     85
190     89
191     89
192     91
193     91
194     89
195     91
196     91
197     90
198     95
199     89
200     89
201     87
202     90
203     91
204     94
205     90
206     87
207     89
208     87
209     92
210     91
211     96
212     92
213     91
214     84
215     92
216     83
217     91
218     86
219     94
220     90
221     88
222     85
223     84
224     87
225     89
226     86
227     88
228     95
229     92
230     90
231     101
232     87
233     90
234     88
235     89
236     92
237     92
238     87
239     90
240     93
241     90
242     83
243     86
244     93
245     94
246     85
247     84
248     83
249     89
250     95
251     95
252     85
253     81
254     85
255     93
256     87
257     89
258     94
259     89
260     85
261     94
262     91
263     91
264     87
265     90
266     85
267     90
268     89
269     85
270     90
271     87
272     88
273     94
274     94
275     90
276     82
277     88
278     86
279     95
280     89
281     88
282     87
283     91
284     85
285     88
286     87
287     85
288     90
289     86
290     91
291     91
292     93
293     92
294     88
295     91
296     94
297     85
298     88
299     88
300     90
301     94
302     90
303     88
304     96
305     83
306     89
307     96
308     86
309     91
310     87
311     85
312     94
313     91
314     84
315     90
316     81
317     91
318     88
319     86
320     89
321     96
322     86
323     93
324     91
325     92
326     93
327     91
328     91
329     85
330     85
331     96
332     87
333     92
334     89
335     92
336     88
337     91
338     90
339     89
340     83
341     86
342     83
343     90
344     90
345     87
346     85
347     82
348     91
349     84
350     89
351     86
352     86
353     91
354     85
355     86
356     85
357     88
358     89
359     85
360     88
361     95
362     89
363     91
364     87
365     89
366     85
367     91
368     87
369     88
370     92
371     82
372     95
373     88
374     89
375     89
376     89
377     86
378     92
379     88
380     90
381     89
382     85
383     91
384     90
385     90
386     90
387     86
388     89
389     92
390     91
391     87
392     91
393     92
394     88
395     86
396     84
397     86
398     85
399     85
400     86
401     87
402     93
403     86
404     90
405     92
406     93
407     87
408     87
409     92
410     91
411     92
412     85
413     89
414     85
415     87
416     90
417     88
418     91
419     86
420     84
421     89
422     82
423     96
424     87
425     91
426     86
427     93
428     92
429     85
430     89
431     91
432     87
433     85
434     86
435     90
436     86
437     85
438     87
439     95
440     88
441     92
442     90
443     90
444     86
445     90
446     86
447     94
448     86
449     93
450     92
451     87
452     90
453     95
454     86
455     87
456     88
457     85
458     85
459     87
460     86
461     88
462     88
463     90
464     89
465     86
466     84
467     95
468     93
469     89
470     84
471     90
472     89
473     88
474     84
475     86
476     88
477     90
478     90
479     90
480     89
481     92
482     90
483     84
484     92
485     87
486     88
487     88
488     90
489     87
490     84
491     91
492     93
493     89
494     93
495     90
496     89
497     94
498     91
499     84
500     90
501     87
502     93
503     92
504     90
505     90
506     88
507     92
508     97
509     98
510     94
511     91
512     92
513     88
514     88
515     84
516     82
517     88
518     87
519     88
520     86
521     89
522     91
523     90
524     88
525     87
526     86
527     87
528     84
529     89
530     93
531     87
532     94
533     93
534     90
535     88
536     89
537     83
538     86
539     88
540     87
541     86
542     92
543     97
544     91
545     86
546     86
547     91
548     91
549     81
550     88
551     93
552     87
553     85
554     91
555     86
556     92
557     90
558     91
559     90
560     84
561     85
562     90
563     79
564     85
565     90
566     85
567     79
568     85
569     91
570     86
571     96
572     86
573     92
574     91
575     91
576     87
577     91
578     93
579     90
580     89
581     86
582     84
583     85
584     92
585     86
586     88
587     85
588     89
589     93
590     92
591     90
592     87
593     93
594     91
595     84
596     86
597     92
598     85
599     91
600     87
601     88
602     92
603     90
604     90
605     94
606     91
607     87
608     87
609     87
610     94
611     90
612     86
613     87
614     86
615     96
616     84
617     87
618     88
619     85
620     87
621     85
622     88
623     88
624     91
625     87
626     86
627     86
628     86
629     92
630     91
631     90
632     91
633     84
634     84
635     87
636     95
637     90
638     91
639     88
640     88
641     84
642     91
643     87
644     92
645     91
646     88
647     91
648     84
649     89
650     85
651     86
652     89
653     86
654     94
655     88
656     91
657     83
658     87
659     96
660     96
661     87
662     90
663     91
664     86
665     96
666     90
667     92
668     90
669     83
670     86
671     92
672     90
673     84
674     91
675     93
676     86
677     90
678     94
679     85
680     89
681     90
682     87
683     87
684     88
685     87
686     90
687     88
688     85
689     90
690     86
691     89
692     90
693     91
694     84
695     88
696     90
697     89
698     83
699     89
700     97
701     87
702     91
703     84
704     92
705     85
706     90
707     88
708     86
709     88
710     83
711     91
712     90
713     88
714     89
715     87
716     88
717     88
718     87
719     92
720     89
721     83
722     94
723     90
724     90
725     87
726     90
727     90
728     89
729     85
730     96
731     82
732     88
733     89
734     90
735     90
736     90
737     83
738     90
739     95
740     94
741     87
742     87
743     91
744     85
745     90
746     83
747     93
748     89
749     93
750     84
751     89
752     89
753     84
754     88
755     88
756     87
757     89
758     87
759     86
760     96
761     86
762     87
763     84
764     90
765     93
766     87
767     92
768     93
769     89
770     89
771     87
772     88
773     91
774     84
775     86
776     92
777     89
778     93
779     88
780     82
781     87
782     89
783     90
784     84
785     87
786     92
787     86
788     87
789     92
790     85
791     90
792     79
793     89
794     90
795     88
796     84
797     87
798     87
799     86
800     91
801     87
802     85
803     89
804     91
805     80
806     93
807     88
808     90
809     90
810     95
811     89
812     89
813     93
814     88
815     85
816     87
817     82
818     87
819     87
820     85
821     87
822     91
823     85
824     86
825     84
826     90
827     87
828     84
829     88
830     92
831     92
832     95
833     83
834     88
835     92
836     88
837     91
838     86
839     83
840     86
841     91
842     83
843     92
844     92
845     91
846     91
847     87
848     81
849     82
850     92
851     84
852     88
853     85
854     99
855     82
856     95
857     91
858     83
859     88
860     84
861     89
862     94
863     88
864     87
