0.005     0.000000000000
0.015     0.000000000000
0.025     0.000000000000
0.035     0.000000000000
0.045     0.000000000000
0.055     0.000000000000
0.065     0.000000000000
0.075     0.000000000000
0.085     0.000000000000
0.095     0.000000000000
0.105     0.000000000000
0.115     0.000000000000
0.125     0.000000000000
0.135     0.000000000000
0.145     0.000000000000
0.155     0.000000000000
0.165     0.000000000000
0.175     0.000000000000
0.185     0.000000000000
0.195     0.000000000000
0.205     0.000000000000
0.215     0.000000000000
0.225     0.000000000000
0.235     0.000000000000
0.245     0.000000000000
0.255     0.000000000000
0.265     0.000000000000
0.275     0.000000000000
0.285     0.000000000000
0.295     0.000000000000
0.305     0.000000000000
0.315     0.000000000000
0.325     0.000000000000
0.335     0.000000000000
0.345     0.000000000000
0.355     0.000000000000
0.365     0.000000000000
0.375     0.000000000000
0.385     0.000000000000
0.395     0.000000000000
0.405     0.000000000000
0.415     0.000000000000
0.425     0.000000000000
0.435     0.000000000000
0.445     0.000000000000
0.455     0.000000000000
0.465     0.000000000000
0.475     0.000000000000
0.485     0.000000000000
0.495     0.000000000000
0.505     0.000000000000
0.515     0.000000000000
0.525     0.000000000000
0.535     0.000000000000
0.545     0.000000000000
0.555     0.000000000000
0.565     0.000000000000
0.575     0.000000000000
0.585     0.000000000000
0.595     0.000000000000
0.605     0.000000000000
0.615     0.000000000000
0.625     0.000000000000
0.635     0.000000000000
0.645     0.000000000000
0.655     0.000000000000
0.665     0.000000000000
0.675     0.000000000000
0.685     0.000000000000
0.695     0.000000000000
0.705     0.000000000000
0.715     0.000000000000
0.725     0.000000000000
0.735     0.000000000000
0.745     0.000000000000
0.755     0.000000000000
0.765     0.000000000000
0.775     0.000000000000
0.785     0.000000000000
0.795     0.000000000000
0.805     0.000000000000
0.815     0.000000000000
0.825     0.000000000000
0.835     0.000000000000
0.845     0.000000000000
0.855     0.000000000000
0.865     0.000000000000
0.875     0.000000000000
0.885     0.000000000000
0.895     0.000000000000
0.905     0.000000000000
0.915     0.000000000000
0.925     0.000000000000
0.935     0.000000000000
0.945     0.000000000000
0.955     0.000000000000
0.965     0.000000000000
0.975     0.000000000000
0.985     0.000000000000
0.995     0.000000000000
1.005     0.000000000000
1.015     0.000000000000
1.025     0.000000000000
1.035     0.000000000000
1.045     0.000000000000
1.055     0.000000000000
1.065     0.000000000000
1.075     0.000000000000
1.085     0.000000000000
1.095     0.000000000000
1.105     0.000000000000
1.115     0.000000000000
1.125     0.000000000000
1.135     0.000000000000
1.145     0.000000000000
1.155     0.000000000000
1.165     0.000000000000
1.175     0.000000000000
1.185     0.000000000000
1.195     0.000000000000
1.205     0.000000000000
1.215     0.000000000000
1.225     0.000000000000
1.235     0.000000000000
1.245     0.000000000000
1.255     0.000000000000
1.265     0.000000000000
1.275     0.000000000000
1.285     0.000000000000
1.295     0.000000000000
1.305     0.000000000000
1.315     0.000000000000
1.325     0.000000000000
1.335     0.000000000000
1.345     0.000000000000
1.355     0.000000000000
1.365     0.000000000000
1.375     0.000000000000
1.385     0.000000000000
1.395     0.000000000000
1.405     0.000000000000
1.415     0.000000000000
1.425     0.000000000000
1.435     0.000000000000
1.445     0.000000000000
1.455     0.000000000000
1.465     0.000000000000
1.475     0.000000000000
1.485     0.000000000000
1.495     0.000000000000
1.505     0.000000000000
1.515     0.000000000000
1.525     0.000000000000
1.535     0.000000000000
1.545     0.000000000000
1.555     0.000000000000
1.565     0.000000000000
1.575     0.000000000000
1.585     0.000000000000
1.595     0.000000000000
1.605     0.000000000000
1.615     0.000000000000
1.625     0.000000000000
1.635     0.000000000000
1.645     0.000000000000
1.655     0.000000000000
1.665     0.000000000000
1.675     0.000000000000
1.685     0.000000000000
1.695     0.000000000000
1.705     0.000000000000
1.715     0.000000000000
1.725     0.000000000000
1.735     0.000000000000
1.745     0.000000000000
1.755     0.000000000000
1.765     0.000000000000
1.775     0.000000000000
1.785     0.000000000000
1.795     0.000000000000
1.805     0.000000000000
1.815     0.000000000000
1.825     0.000000000000
1.835     0.000000000000
1.845     0.000000000000
1.855     0.000000000000
1.865     0.000000000000
1.875     0.000000000000
1.885     0.000000000000
1.895     0.000000000000
1.905     0.000000000000
1.915     0.000000000000
1.925     0.000000000000
1.935     0.000000000000
1.945     0.000000000000
1.955     0.000000000000
1.965     0.000000000000
1.975     0.000000000000
1.985     0.000000000000
1.995     0.000000000000
2.005     0.000000000000
2.015     0.000000000000
2.025     0.000000000000
2.035     0.000000000000
2.045     0.000000000000
2.055     0.000000000000
2.065     0.000000000000
2.075     0.000000000000
2.085     0.000000000000
2.095     0.000000000000
2.105     0.000000000000
2.115     0.000000000000
2.125     0.000000000000
2.135     0.000000000000
2.145     0.000000000000
2.155     0.000000000000
2.165     0.000000000000
2.175     0.000000000000
2.185     0.000000000000
2.195     0.000000000000
2.205     0.000000000000
2.215     0.000000000000
2.225     0.000000000000
2.235     0.000000000000
2.245     0.000000000000
2.255     0.000000000000
2.265     0.000000000000
2.275     0.000000000000
2.285     0.000000000000
2.295     0.000000000000
2.305     0.000000000000
2.315     0.000000000000
2.325     0.000000000000
2.335     0.000000000000
2.345     0.000000000000
2.355     0.000000000000
2.365     0.000000000000
2.375     0.000000000000
2.385     0.000000000000
2.395     0.000000000000
2.405     0.000000000000
2.415     0.000000000000
2.425     0.000000000000
2.435     0.000000000000
2.445     0.000000000000
2.455     0.000000000000
2.465     0.000000000000
2.475     0.000000000000
2.485     0.000000000000
2.495     0.000000000000
2.505     0.000000000000
2.515     0.000000000000
2.525     0.000000000000
2.535     0.000000000000
2.545     0.000000000000
2.555     0.000000000000
2.565     0.000000000000
2.575     0.000000000000
2.585     0.000000000000
2.595     0.000000000000
2.605     0.000000000000
2.615     0.000000000000
2.625     0.000000000000
2.635     0.000000000000
2.645     0.000000000000
2.655     0.000000000000
2.665     0.000000000000
2.675     0.000000000000
2.685     0.000000000000
2.695     0.000000000000
2.705     0.000000000000
2.715     0.000000000000
2.725     0.000000000000
2.735     0.000000000000
2.745     0.000000000000
2.755     0.000000000000
2.765     0.000000000000
2.775     0.000000000000
2.785     0.000000000000
2.795     0.000000000000
2.805     0.000000000000
2.815     0.000000000000
2.825     0.000000000000
2.835     0.000000000000
2.845     0.000000000000
2.855     0.000000000000
2.865     0.000000000000
2.875     0.000000000000
2.885     0.000000000000
2.895     0.000000000000
2.905     0.000000000000
2.915     0.000000000000
2.925     0.000000000000
2.935     0.000053342131
2.945     0.000026489938
2.955     0.000105242599
2.965     0.000143732464
2.975     0.000220638670
2.985     0.000412537145
2.995     0.000627479168
3.005     0.000979476058
3.015     0.001718507873
3.025     0.002598376432
3.035     0.003890585340
3.045     0.004657858453
3.055     0.007531775255
3.065     0.010429218999
3.075     0.014612835162
3.085     0.019140239111
3.095     0.027157941998
3.105     0.034416742547
3.115     0.045475993048
3.125     0.058251182891
3.135     0.073082738202
3.145     0.089233963744
3.155     0.110670958539
3.165     0.134231411645
3.175     0.164818351472
3.185     0.195924193787
3.195     0.230664974914
3.205     0.270312435522
3.215     0.315750710272
3.225     0.363049359099
3.235     0.414442754716
3.245     0.470561355932
3.255     0.529299136952
3.265     0.593987315207
3.275     0.663196672818
3.285     0.731190451291
3.295     0.807336830031
3.305     0.880287943671
3.315     0.958655479305
3.325     1.038827087396
3.335     1.123512312454
3.345     1.200916381760
3.355     1.287323858708
3.365     1.367399637237
3.375     1.441755744938
3.385     1.523927555189
3.395     1.605185821305
3.405     1.677827566014
3.415     1.752042373100
3.425     1.826379700804
3.435     1.903996198384
3.445     1.958932336898
3.455     2.017009391172
3.465     2.086499578569
3.475     2.134295946682
3.485     2.184354730034
3.495     2.236427950235
3.505     2.282534868915
3.515     2.328043625855
3.525     2.364655633379
3.535     2.401854180758
3.545     2.422434308996
3.555     2.460304606148
3.565     2.490060573287
3.575     2.511719836148
3.585     2.528551865782
3.595     2.542581583265
3.605     2.554058023816
3.615     2.567933615050
3.625     2.575842409793
3.635     2.576857051503
3.645     2.570615433980
3.655     2.574182613050
3.665     2.564733223580
3.675     2.568744292361
3.685     2.558353273386
3.695     2.541697376035
3.705     2.535837896532
3.715     2.515997743978
3.725     2.508437297531
3.735     2.479411992579
3.745     2.465507870555
3.755     2.454126364182
3.765     2.422804906054
3.775     2.400649297721
3.785     2.386650219226
3.795     2.360244142001
3.805     2.339894023346
3.815     2.310276480947
3.825     2.291174930309
3.835     2.260448433952
3.845     2.239599000213
3.855     2.220480137980
3.865     2.187736818956
3.875     2.167425310614
3.885     2.138540853862
3.895     2.116044994139
3.905     2.099103074149
3.915     2.066992683264
3.925     2.043876705188
3.935     2.015365143056
3.945     1.986998340974
3.955     1.966479632864
3.965     1.937958670866
3.975     1.898905733270
3.985     1.877544298898
3.995     1.862291226915
4.005     1.832541667274
4.015     1.806717694120
4.025     1.786370017379
4.035     1.757319899397
4.045     1.725694378768
4.055     1.706978658790
4.065     1.685022947898
4.075     1.657235530673
4.085     1.635435725145
4.095     1.609579029945
4.105     1.594953759258
4.115     1.569194365119
4.125     1.545857935871
4.135     1.526594906805
4.145     1.506357533689
4.155     1.489494638418
4.165     1.471486271152
4.175     1.458393360424
4.185     1.435973451108
4.195     1.425221232655
4.205     1.401120641380
4.215     1.385946194770
4.225     1.365043163228
4.235     1.353785162756
4.245     1.333135869851
4.255     1.310605780997
4.265     1.299186014453
4.275     1.283959469709
4.285     1.268542144494
4.295     1.254766051492
4.305     1.234609162562
4.315     1.220227770862
4.325     1.212517785172
4.335     1.192348249435
4.345     1.183541257655
4.355     1.166423078048
4.365     1.150527330951
4.375     1.142438186363
4.385     1.127160241196
4.395     1.114041109303
4.405     1.099752159280
4.415     1.091809289532
4.425     1.078266156126
4.435     1.063264799700
4.445     1.059200826345
4.455     1.049358177070
4.465     1.038821829710
4.475     1.026111663326
4.485     1.015866012858
4.495     1.007586702170
4.505     1.000772948622
4.515     0.986551893082
4.525     0.975198129292
4.535     0.967047924440
4.545     0.957454754723
4.555     0.952244332588
4.565     0.946139886123
4.575     0.932520464301
4.585     0.920877393407
4.595     0.915956313432
4.605     0.909695031592
4.615     0.902202689197
4.625     0.892942975241
4.635     0.889736138653
4.645     0.879359326813
4.655     0.873426268342
4.665     0.863750702069
4.675     0.859919031050
4.685     0.851925346575
4.695     0.846719236311
4.705     0.839414430982
4.715     0.836550509120
4.725     0.830214052025
4.735     0.828656956514
4.745     0.820348930888
4.755     0.815548757387
4.765     0.806921302236
4.775     0.801906250536
4.785     0.796289712314
4.795     0.794879438157
4.805     0.785568419523
4.815     0.783987838001
4.825     0.778308754196
4.835     0.774794835938
4.845     0.770623970759
4.855     0.766276466945
4.865     0.759146922621
4.875     0.755163596209
4.885     0.754033234281
4.895     0.749434702868
4.905     0.745024741421
4.915     0.740297791071
4.925     0.740569053540
4.935     0.732880980548
4.945     0.734237526665
4.955     0.729788100214
4.965     0.728677208874
4.975     0.722600813741
4.985     0.724087129400
4.995     0.723233879360
5.005     0.717930509535
5.015     0.715122113018
5.025     0.713765947022
5.035     0.710659238148
5.045     0.709527565772
5.055     0.704978552669
5.065     0.703782180460
5.075     0.705667321174
5.085     0.699018972222
5.095     0.699898497408
5.105     0.698468149044
5.115     0.699884675059
5.125     0.697638182504
5.135     0.694355468293
5.145     0.698845279092
5.155     0.693069240952
5.165     0.689048297594
5.175     0.689751876997
5.185     0.688375571833
5.195     0.687548769930
5.205     0.685495404124
5.215     0.688138527184
5.225     0.684807057152
5.235     0.686045595813
5.245     0.682433091401
5.255     0.685675815188
5.265     0.683460118416
5.275     0.679013832756
5.285     0.682891539421
5.295     0.681870847315
5.305     0.676202704709
5.315     0.679159886865
5.325     0.679958343309
5.335     0.680520359089
5.345     0.680860615929
5.355     0.682941487698
5.365     0.681104885617
5.375     0.680976400232
5.385     0.684759924624
5.395     0.681421476132
5.405     0.686198594706
5.415     0.685784231498
5.425     0.686892037081
5.435     0.689039278832
5.445     0.692493015800
5.455     0.690844446290
5.465     0.689637246432
5.475     0.692363785645
5.485     0.697337965660
5.495     0.694716321155
5.505     0.695628795308
5.515     0.696937329589
5.525     0.701034715859
5.535     0.705977691389
5.545     0.708041798792
5.555     0.708083148100
5.565     0.709300991517
5.575     0.711309968836
5.585     0.715035480087
5.595     0.710951731616
5.605     0.716037431273
5.615     0.717044601617
5.625     0.721331310243
5.635     0.721053814690
5.645     0.725492099484
5.655     0.726634510630
5.665     0.732842491239
5.675     0.730612333535
5.685     0.730657288848
5.695     0.737613971589
5.705     0.739450335329
5.715     0.743024993525
5.725     0.742934614438
5.735     0.748844738178
5.745     0.749444977302
5.755     0.753654994886
5.765     0.756337153314
5.775     0.759680507431
5.785     0.762835156302
5.795     0.764652144797
5.805     0.768691394535
5.815     0.772867904398
5.825     0.774655428183
5.835     0.780313148326
5.845     0.784665466785
5.855     0.783269734309
5.865     0.788763419605
5.875     0.794550730652
5.885     0.797674950380
5.895     0.798611885049
5.905     0.805322944085
5.915     0.807024870327
5.925     0.812852819319
5.935     0.815257546758
5.945     0.821541599806
5.955     0.826090799120
5.965     0.831130207190
5.975     0.834521951694
5.985     0.836676241189
5.995     0.841542781942
6.005     0.843885406376
6.015     0.852274298116
6.025     0.858151437918
6.035     0.861314963384
6.045     0.865617099499
6.055     0.870411574350
6.065     0.879571562541
6.075     0.881408110564
6.085     0.884048527002
6.095     0.889577731362
6.105     0.894789053190
6.115     0.900258984860
6.125     0.908745045782
6.135     0.909188724844
6.145     0.912986375771
6.155     0.917874484997
6.165     0.926316370302
6.175     0.930133683278
6.185     0.932548573002
6.195     0.936365249850
6.205     0.943208162961
6.215     0.946635703136
6.225     0.950039302185
6.235     0.958654754554
6.245     0.963764233233
6.255     0.963780506182
6.265     0.969681379163
6.275     0.974712689436
6.285     0.977654738104
6.295     0.985148007946
6.305     0.989098616264
6.315     0.990555099218
6.325     0.997380203677
6.335     1.000162926279
6.345     1.004330143305
6.355     1.012750544223
6.365     1.018313902794
6.375     1.023321043603
6.385     1.028674323147
6.395     1.029388103671
6.405     1.033393327982
6.415     1.036022779460
6.425     1.044902751618
6.435     1.045589947991
6.445     1.050640332777
6.455     1.057283495589
6.465     1.059674971583
6.475     1.063952828547
6.485     1.069308912329
6.495     1.074890608351
6.505     1.079855757057
6.515     1.083369832306
6.525     1.088219987040
6.535     1.090568000462
6.545     1.093324837954
6.555     1.099390024519
6.565     1.105439778615
6.575     1.111437025226
6.585     1.110747868465
6.595     1.114278294508
6.605     1.122268570833
6.615     1.122729857917
6.625     1.128188480843
6.635     1.130616556946
6.645     1.137252206995
6.655     1.139359019038
6.665     1.141553882398
6.675     1.142366610976
6.685     1.147613017490
6.695     1.151185880962
6.705     1.153283730637
6.715     1.156515827721
6.725     1.159366133770
6.735     1.161274343163
6.745     1.162916637517
6.755     1.165943675061
6.765     1.171741085893
6.775     1.170692509393
6.785     1.173580003651
6.795     1.178630609310
6.805     1.178224296706
6.815     1.181473756755
6.825     1.183148443135
6.835     1.186859947515
6.845     1.188445182037
6.855     1.189637929746
6.865     1.191597156733
6.875     1.189838367436
6.885     1.194895612479
6.895     1.196293855551
6.905     1.198583118369
6.915     1.200384184605
6.925     1.203298273698
6.935     1.204233413961
6.945     1.203658293219
6.955     1.203529452450
6.965     1.205589566276
6.975     1.207550431199
6.985     1.209762997692
6.995     1.208607332684
7.005     1.206168302053
7.015     1.208826436863
7.025     1.209538675939
7.035     1.207483005001
7.045     1.210781630832
7.055     1.209438399623
7.065     1.210571642878
7.075     1.209881952488
7.085     1.206160576506
7.095     1.208741191126
7.105     1.206276632618
7.115     1.204783635537
7.125     1.201943785380
7.135     1.203137171076
7.145     1.196405360161
7.155     1.197882560767
7.165     1.194987721590
7.175     1.197014749589
7.185     1.193402956005
7.195     1.193172745028
7.205     1.193641483788
7.215     1.190407585836
7.225     1.191858322345
7.235     1.185644184894
7.245     1.183937171758
7.255     1.183842466141
7.265     1.182692511116
7.275     1.181910468555
7.285     1.177244316627
7.295     1.177006841402
7.305     1.173586727949
7.315     1.171457811789
7.325     1.171032601881
7.335     1.170296387725
7.345     1.164991143013
7.355     1.161933453722
7.365     1.160056802219
7.375     1.156546253272
7.385     1.152112966553
7.395     1.150514776522
7.405     1.148843657456
7.415     1.144896356038
7.425     1.142384296212
7.435     1.137973702472
7.445     1.136116265103
7.455     1.131432625735
7.465     1.127959038082
7.475     1.124218906151
7.485     1.122422224807
7.495     1.118029214918
7.505     1.117687507590
7.515     1.112453725634
7.525     1.112859672991
7.535     1.107432447962
7.545     1.105217827422
7.555     1.100731504807
7.565     1.098151953650
7.575     1.095726024424
7.585     1.095871473253
7.595     1.090813591652
7.605     1.085064974126
7.615     1.082211212114
7.625     1.080437331875
7.635     1.076596323862
7.645     1.070790729826
7.655     1.069980649249
7.665     1.069116514354
7.675     1.063870731944
7.685     1.062301570418
7.695     1.055858387194
7.705     1.053978868791
7.715     1.051743470891
7.725     1.048363554334
7.735     1.045901929521
7.745     1.042633515493
7.755     1.037417115909
7.765     1.033233648862
7.775     1.027875504608
7.785     1.027574527421
7.795     1.026271830105
7.805     1.022300380018
7.815     1.017734019410
7.825     1.018068256843
7.835     1.013553602587
7.845     1.009796234161
7.855     1.004668767597
7.865     1.002453103330
7.875     0.998031064918
7.885     0.996640856398
7.895     0.994009453642
7.905     0.988651263844
7.915     0.987353412062
7.925     0.988915296618
7.935     0.984784275219
7.945     0.977560187173
7.955     0.978518739681
7.965     0.973817600096
7.975     0.972283788396
7.985     0.967417896814
7.995     0.966159896480
8.005     0.964726277451
8.015     0.961897869271
8.025     0.961568866791
8.035     0.958346270157
8.045     0.955972662070
8.055     0.952888851174
8.065     0.951965614305
8.075     0.949147231201
8.085     0.947556852544
8.095     0.944953376275
8.105     0.945579238065
8.115     0.942021654139
8.125     0.940595308738
8.135     0.936372375041
8.145     0.935011321595
8.155     0.931454841884
8.165     0.930629556012
8.175     0.929651154030
8.185     0.927252946888
8.195     0.926785508953
8.205     0.925777861017
8.215     0.924393609478
8.225     0.924312912590
8.235     0.921135066070
8.245     0.919445278153
8.255     0.918852618909
8.265     0.917530213545
8.275     0.915737794247
8.285     0.913745957028
8.295     0.915204376979
8.305     0.911476485690
8.315     0.908897842148
8.325     0.909907909802
8.335     0.908749151417
8.345     0.907060046991
8.355     0.906195779544
8.365     0.905061129187
8.375     0.905491568407
8.385     0.904171365355
8.395     0.905141568520
8.405     0.903492352553
8.415     0.904111292666
8.425     0.902302530448
8.435     0.902107560366
8.445     0.901229542051
8.455     0.900907914777
8.465     0.902287237779
8.475     0.898790345473
8.485     0.898733498262
8.495     0.896542937584
